0.1000 0 0 0 0
0 1.000000 0.000000 0.000000 0.000000
1 1.000000 1.000000 18.860001 0.000000
2 1.000000 1.000000 6.280401 0.132020
3 1.000000 0.867980 3.977204 0.407395
4 1.000000 0.592605 0.631090 0.698816
5 1.000000 0.301184 -1.238946 0.962682
6 1.000000 0.037318 -2.438867 1.167014
7 1.000000 -0.167014 -2.917014 1.300536
8 1.000000 -0.300536 -2.857839 1.364003
9 1.000000 -0.364003 -2.406373 1.367051
10 1.000000 -0.367051 -1.721569 1.324265
11 1.000000 -0.324265 -0.944250 1.252107
12 1.000000 -0.252107 -0.190090 1.166416
13 1.000000 -0.166416 0.457766 1.080679
14 1.000000 -0.080679 0.949741 1.005017
15 1.000000 -0.005017 1.267121 0.945835
16 1.000000 0.054165 1.416425 0.906001
17 1.000000 0.093999 1.422278 0.885393
18 1.000000 0.114607 1.319969 0.881663
19 1.000000 0.118337 1.148630 0.891070
20 1.000000 0.108930 0.945675 0.909271
21 1.000000 0.090729 0.742847 0.931976
22 1.000000 0.068024 0.563911 0.955444
23 1.000000 0.044556 0.423871 0.976780
24 1.000000 0.023220 0.329403 0.994062
25 1.000000 0.005938 0.280164 1.006327
26 1.000000 -0.006327 0.270594 1.013438
27 1.000000 -0.013438 0.291871 1.015897
28 1.000000 -0.015897 0.333768 1.014624
29 1.000000 -0.014624 0.386207 1.010744
30 1.000000 -0.010744 0.440397 1.005405
31 1.000000 -0.005405 0.489548 0.999637
32 1.000000 0.000363 0.529165 0.994261
33 1.000000 0.005739 0.556996 0.989844
34 1.000000 0.010156 0.572738 0.986698
35 1.000000 0.013302 0.577582 0.984906
36 1.000000 0.015094 0.573697 0.984370
37 1.000000 0.015630 0.563733 0.984870
38 1.000000 0.015130 0.550387 0.986117
39 1.000000 0.013883 0.536078 0.987807
40 1.000000 0.012193 0.522730 0.989657
41 1.000000 0.010343 0.511669 0.991439
42 1.000000 0.008561 0.503625 0.992986
43 1.000000 0.007014 0.498788 0.994202
44 1.000000 0.005798 0.496924 0.995051
45 1.000000 0.004949 0.497510 0.995549
46 1.000000 0.004451 0.499866 0.995750
47 1.000000 0.004250 0.503275 0.995727
48 1.000000 0.004273 0.507076 0.995560
49 1.000000 0.004440 0.510728 0.995326
50 1.000000 0.004674 0.513843 0.995089
51 1.000000 0.004911 0.516192 0.994897
52 1.000000 0.005103 0.517696 0.994781
53 1.000000 0.005219 0.518393 0.994753
54 1.000000 0.005247 0.518405 0.994813
55 1.000000 0.005187 0.517905 0.994949
56 1.000000 0.005051 0.517084 0.995141
57 1.000000 0.004859 0.516119 0.995371
58 1.000000 0.004629 0.515164 0.995616
59 1.000000 0.004384 0.514329 0.995860
60 1.000000 0.004140 0.513684 0.996088
61 1.000000 0.003912 0.513260 0.996292
62 1.000000 0.003708 0.513052 0.996468
63 1.000000 0.003532 0.513033 0.996616
64 1.000000 0.003384 0.513160 0.996737
65 1.000000 0.003263 0.513382 0.996837
66 1.000000 0.003163 0.513653 0.996922
67 1.000000 0.003078 0.513928 0.996996
68 1.000000 0.003004 0.514177 0.997066
69 1.000000 0.002934 0.514378 0.997134
70 1.000000 0.002866 0.514521 0.997205
71 1.000000 0.002795 0.514606 0.997278
72 1.000000 0.002722 0.514639 0.997355
73 1.000000 0.002645 0.514629 0.997436
74 1.000000 0.002564 0.514591 0.997518
75 1.000000 0.002482 0.514537 0.997602
76 1.000000 0.002398 0.514479 0.997685
77 1.000000 0.002315 0.514426 0.997767
78 1.000000 0.002233 0.514384 0.997845
79 1.000000 0.002155 0.514357 0.997921
80 1.000000 0.002079 0.514344 0.997992
81 1.000000 0.002008 0.514345 0.998060
82 1.000000 0.001940 0.514358 0.998124
83 1.000000 0.001876 0.514378 0.998184
84 1.000000 0.001816 0.514403 0.998242
85 1.000000 0.001758 0.514429 0.998297
86 1.000000 0.001703 0.514454 0.998349
87 1.000000 0.001651 0.514476 0.998401
88 1.000000 0.001599 0.514495 0.998450
89 1.000000 0.001550 0.514508 0.998499
90 1.000000 0.001501 0.514518 0.998546
91 1.000000 0.001454 0.514524 0.998593
92 1.000000 0.001407 0.514528 0.998638
93 1.000000 0.001362 0.514530 0.998682
94 1.000000 0.001318 0.514532 0.998724
95 1.000000 0.001276 0.514533 0.998766
96 1.000000 0.001234 0.514534 0.998806
97 1.000000 0.001194 0.514536 0.998845
98 1.000000 0.001155 0.514539 0.998882
99 1.000000 0.001118 0.514544 0.998919
